1000
-0.0190692 -0.561978 2.12891
-0.0179832 -0.561987 2.12932
-0.0171644 -0.561707 2.12858
-0.0164024 -0.560477 2.12723
-0.015747 -0.55704 2.12281
-0.0171926 -0.548589 2.11312
-0.021086 -0.537784 2.07781
-0.0245525 -0.521526 2.06534
-0.0260872 -0.496804 2.05597
-0.0222003 -0.456158 2.03326
-0.0244409 -0.409585 2.02231
-0.0349894 -0.361534 2.00321
-0.0393194 -0.312356 1.98405
-0.0458697 -0.269003 1.97726
-0.0435746 -0.217603 1.9699
-0.0416933 -0.192481 1.97097
-0.0449977 -0.144421 1.9621
-0.0450976 -0.110644 1.94863
-0.0408211 -0.0734009 1.93964
-0.0338311 -0.049213 1.93553
-0.0343959 -0.00470129 1.91414
-0.0346807 0.0106814 1.90901
-0.0318986 0.0445432 1.89698
-0.0348312 0.0665562 1.88961
-0.0335969 0.0909482 1.88317
-0.0370026 0.112589 1.87902
-0.0456233 0.13138 1.87413
-0.0483935 0.140789 1.87163
-0.0533273 0.162804 1.86652
-0.0580677 0.182255 1.85997
-0.0644935 0.231094 1.84449
-0.0641023 0.244872 1.84338
-0.0605292 0.268552 1.83914
-0.0597373 0.278987 1.83592
-0.0503117 0.339848 1.83049
-0.0490728 0.36982 1.82994
-0.0516793 0.393935 1.8297
-0.0498091 0.411945 1.82455
-0.0513236 0.422645 1.82323
-0.0427898 0.461018 1.81803
-0.046282 0.469059 1.8175
-0.0579919 0.497991 1.81421
-0.0634098 0.538978 1.81338
-0.062901 0.546424 1.81435
-0.0615173 0.550241 1.814
-0.0589799 0.563395 1.81628
-0.0588745 0.570816 1.81865
-0.0576891 0.57563 1.81957
-0.0572767 0.602733 1.8247
-0.0569048 0.588833 1.82723
-0.056249 0.587237 1.82821
-0.0557319 0.581802 1.8292
-0.0551184 0.57988 1.82941
-0.0510178 0.56357 1.82981
-0.048967 0.533517 1.82751
-0.0479513 0.538893 1.82648
-0.0483924 0.548037 1.82267
-0.0486018 0.548735 1.82054
-0.0466289 0.540041 1.81553
-0.0440901 0.525522 1.8103
-0.0430864 0.480026 1.80007
-0.0424402 0.465798 1.79768
-0.0430384 0.446492 1.79172
-0.0374147 0.432793 1.78849
-0.0382177 0.416587 1.78377
-0.043841 0.359114 1.77082
-0.0417695 0.355195 1.76791
-0.0356331 0.302529 1.75862
-0.0423761 0.277381 1.75487
-0.0588402 0.245727 1.74412
-0.0606905 0.22813 1.74123
-0.06426 0.185544 1.73636
-0.0616311 0.16401 1.73498
-0.0606397 0.146491 1.73021
-0.0620594 0.107951 1.72326
-0.0647139 0.0788261 1.71955
-0.0656215 0.0494369 1.71772
-0.0639849 0.0298654 1.71344
-0.0727926 0.0492761 1.6771
-0.0677909 -0.0509478 1.71518
-0.0697668 -0.0696087 1.7146
-0.0724049 -0.10352 1.71555
-0.0736211 -0.136525 1.72016
-0.0901465 -0.212107 1.66174
-0.0784805 -0.189681 1.72871
-0.0801026 -0.236981 1.74456
-0.081572 -0.244115 1.74398
-0.0878466 -0.264412 1.74267
-0.0915038 -0.293798 1.7677
-0.0873387 -0.306058 1.81401
-0.0865757 -0.309512 1.81815
-0.0446441 -0.298317 1.83676
-0.0717483 -0.29264 1.94504
-0.0747364 -0.305295 1.93836
-0.0783515 -0.324758 1.92467
-0.0789419 -0.341116 1.91516
-0.0790226 -0.344705 1.9163
-0.0857028 -0.385467 1.8673
-0.0843515 -0.38342 1.87517
-0.0838473 -0.383816 1.87513
-0.0838404 -0.384256 1.87471
-0.083747 -0.384718 1.87409
-0.0843712 -0.387767 1.85893
-0.0811348 -0.377628 1.87396
-0.0798882 -0.360195 1.89733
-0.0789776 -0.350479 1.90276
-0.0748306 -0.309722 1.9376
-0.0737037 -0.302736 1.94031
-0.069871 -0.288622 1.94325
-0.0666538 -0.271869 1.9503
-0.049252 -0.234913 1.99473
-0.0930938 -0.253221 1.74304
-0.0904309 -0.236867 1.74363
-0.0868931 -0.186727 1.72886
-0.0875385 -0.170992 1.72742
-0.0872528 -0.125078 1.72209
-0.0893219 -0.106442 1.7206
-0.0936173 -0.0603748 1.71264
-0.0917089 -0.0324013 1.70661
-0.0915714 0.00137257 1.70276
-0.086014 0.0346025 1.70196
-0.082497 0.0737498 1.69702
-0.0820702 0.101655 1.69854
-0.083966 0.126073 1.70231
-0.0853129 0.163829 1.70521
-0.0844749 0.193536 1.70645
-0.080943 0.206671 1.7143
-0.0755057 0.243635 1.7223
-0.0753433 0.277667 1.7234
-0.0734933 0.293753 1.72905
-0.0753498 0.322711 1.73474
-0.074376 0.33742 1.74078
-0.0710253 0.360247 1.75029
-0.0728679 0.405784 1.7526
-0.0731308 0.41057 1.75445
-0.0666091 0.447242 1.76401
-0.06848 0.448569 1.76607
-0.0734706 0.466722 1.7709
-0.0785612 0.496884 1.77593
-0.0783517 0.507101 1.77912
-0.0795207 0.5285 1.78718
-0.0815064 0.53236 1.79167
-0.0816821 0.522155 1.7986
-0.072362 0.554151 1.80776
-0.0828794 0.601331 1.81891
-0.0817509 0.602176 1.82028
-0.0784276 0.600106 1.82444
-0.077927 0.598295 1.82782
-0.0773302 0.60658 1.83362
-0.0767719 0.623022 1.83741
-0.0771511 0.624625 1.83961
-0.0775844 0.626319 1.84313
-0.0772856 0.628332 1.84721
-0.0782529 0.624681 1.85034
-0.0779143 0.624524 1.85225
-0.0778846 0.612906 1.85483
-0.0772313 0.617604 1.85556
-0.077325 0.620368 1.8554
-0.0773183 0.620737 1.85496
-0.0772613 0.620654 1.85459
-0.0768924 0.61976 1.85264
-0.0770472 0.618373 1.84811
-0.0716607 0.545479 1.84446
-0.0716097 0.547652 1.84374
-0.0690283 0.585156 1.83707
-0.0690215 0.58438 1.8366
-0.0692786 0.567619 1.83434
-0.066891 0.553093 1.82605
-0.0658061 0.537248 1.81587
-0.0564983 0.477559 1.8059
-0.0562219 0.478631 1.80326
-0.0556444 0.450444 1.78826
-0.0525093 0.447637 1.78522
-0.0467029 0.435477 1.77446
-0.0495224 0.4118 1.76573
-0.0503063 0.373231 1.75995
-0.0498617 0.358713 1.7593
-0.0493379 0.348966 1.75603
-0.048077 0.291594 1.75473
-0.0514996 0.27564 1.75212
-0.0570566 0.246823 1.7479
-0.0608135 0.22038 1.74302
-0.0621472 0.197369 1.73751
-0.0601233 0.162213 1.73052
-0.0563636 0.144095 1.72525
-0.0554685 0.112187 1.71899
-0.0547538 0.0884997 1.71279
-0.0534182 0.0592811 1.70829
-0.0509338 0.033501 1.70328
-0.0490319 0.0112176 1.69805
-0.0523347 -0.0322163 1.70283
-0.0502473 -0.0439131 1.70174
-0.0523043 -0.0842423 1.70694
-0.0521803 -0.0940036 1.70331
-0.0528159 -0.129661 1.7043
-0.0552841 -0.15321 1.70726
-0.0551095 -0.173885 1.70574
-0.0583453 -0.200657 1.70721
-0.0601536 -0.232617 1.71454
-0.0610502 -0.246093 1.7152
-0.0695482 -0.282057 1.73323
-0.073951 -0.319691 1.78029
-0.0605748 -0.25479 1.92986
-0.0661522 -0.267357 1.92549
-0.068777 -0.282475 1.92093
-0.0725372 -0.301685 1.91354
-0.0838471 -0.362909 1.82084
-0.0848096 -0.365737 1.82337
-0.0854716 -0.376343 1.8249
-0.0794485 -0.406246 1.79926
-0.0779051 -0.41257 1.79952
-0.0782132 -0.423861 1.80735
-0.0765623 -0.43393 1.80846
-0.076748 -0.446126 1.80879
-0.0729903 -0.460015 1.80692
-0.0695753 -0.482937 1.79475
-0.0682506 -0.488032 1.79674
-0.0680367 -0.496285 1.7987
-0.0699036 -0.480837 1.84003
-0.0666379 -0.485298 1.84605
-0.0605441 -0.492007 1.84345
-0.0654444 -0.496592 1.86637
-0.0632352 -0.499792 1.86952
-0.0609349 -0.50178 1.87386
-0.0477279 -0.563731 1.80784
-0.0459797 -0.53123 1.83634
-0.0449641 -0.50888 1.8531
-0.0487896 -0.548626 1.84912
-0.0491194 -0.559742 1.84862
-0.0516435 -0.566783 1.85509
-0.0524994 -0.572435 1.86258
-0.050696 -0.581954 1.84757
-0.0465588 -0.584507 1.84827
-0.0455061 -0.58705 1.84977
-0.0476643 -0.597527 1.84854
-0.0499516 -0.599793 1.8503
-0.0495775 -0.623682 1.83678
-0.0528714 -0.623845 1.83913
-0.0531749 -0.624527 1.839
-0.0536637 -0.624374 1.83882
-0.0561105 -0.609705 1.84683
-0.0585924 -0.622233 1.83567
-0.0655889 -0.606952 1.84782
-0.0665717 -0.568816 1.86671
-0.0593733 -0.560084 1.85762
-0.0611474 -0.582155 1.83702
-0.0610197 -0.580717 1.83364
-0.0611695 -0.573524 1.83004
-0.0648694 -0.571149 1.83012
-0.0534406 -0.540469 1.81364
-0.0474143 -0.555165 1.74886
-0.0601626 -0.523246 1.79805
-0.0569605 -0.474332 1.86419
-0.0613131 -0.486515 1.81222
-0.0590255 -0.469464 1.81362
-0.0532764 -0.445935 1.81397
-0.052743 -0.397982 1.85256
-0.051701 -0.387413 1.85345
-0.0430744 -0.33985 1.9039
-0.0409635 -0.33011 1.90249
-0.0296927 -0.288968 1.93481
-0.0265616 -0.282123 1.93743
-0.0212884 -0.265951 1.94344
-0.0102439 -0.251214 1.95081
-0.0125213 -0.209496 1.80043
0.00391215 -0.187348 1.73073
-0.0325847 -0.193739 1.7119
-0.0334305 -0.167531 1.71062
-0.0324778 -0.119828 1.69697
-0.0314614 -0.106004 1.70352
-0.0336351 -0.0601177 1.70216
-0.0288638 -0.0213531 1.69503
-0.0293401 0.0107426 1.696
-0.0330655 0.050467 1.69392
-0.0305222 0.0875785 1.69218
-0.0315105 0.116761 1.69674
-0.0303923 0.164517 1.69868
-0.0255337 0.198852 1.69962
-0.0240245 0.222304 1.70668
-0.021681 0.252753 1.71731
-0.0180223 0.292137 1.7236
-0.0175264 0.311582 1.72914
-0.0212008 0.363938 1.73971
-0.0210657 0.375743 1.74365
-0.0172238 0.411234 1.75776
-0.0176473 0.42745 1.76405
-0.0198816 0.445596 1.77555
-0.0218988 0.487029 1.78574
-0.0236928 0.500548 1.79355
-0.0245978 0.515991 1.80329
-0.0306967 0.534499 1.81516
-0.0315743 0.577466 1.82989
-0.0314655 0.593424 1.83705
-0.0332655 0.600821 1.84162
-0.0346212 0.626405 1.85291
-0.0350982 0.636501 1.85768
-0.0350573 0.641025 1.86265
-0.0356335 0.647957 1.87066
-0.0359492 0.659735 1.88137
-0.0348904 0.694315 1.88991
-0.0286661 0.659718 1.90795
-0.0442981 0.624698 1.91057
-0.0358736 0.661091 1.91394
-0.0352194 0.665469 1.91812
-0.0352426 0.671689 1.92675
-0.0357683 0.679646 1.93477
-0.0389833 0.725769 1.94259
-0.0390491 0.724767 1.94416
-0.0390895 0.724247 1.94596
-0.036233 0.732413 1.95137
-0.0344001 0.719575 1.95705
-0.0337076 0.713486 1.95889
-0.0334786 0.709766 1.9599
-0.0330104 0.709047 1.96191
-0.0324999 0.70778 1.96324
-0.0286806 0.728985 1.96915
-0.0281676 0.722935 1.96862
-0.0278119 0.718987 1.96803
-0.0271261 0.719438 1.96744
-0.0250978 0.712903 1.96791
-0.0253012 0.716724 1.96869
-0.024257 0.702889 1.97065
-0.0257696 0.708804 1.96971
-0.0252437 0.703415 1.969
-0.0235859 0.701809 1.96979
-0.0228749 0.701298 1.96972
-0.0224512 0.701564 1.96937
-0.0235679 0.707169 1.96685
-0.0230247 0.706206 1.96688
-0.0231299 0.707939 1.96583
-0.0222967 0.705591 1.96497
-0.0218145 0.704887 1.96428
-0.0210445 0.702567 1.96313
-0.020924 0.705244 1.96173
-0.0207428 0.704505 1.96151
-0.020568 0.704121 1.96132
-0.0208705 0.705252 1.96032
-0.0207652 0.704332 1.96023
-0.0208304 0.705317 1.95933
-0.0207349 0.70379 1.95938
-0.0209108 0.702848 1.95904
-0.0209561 0.702722 1.95904
-0.0220202 0.699225 1.95904
-0.021996 0.699546 1.95895
-0.0211091 0.697665 1.95948
-0.0192785 0.691281 1.9618
-0.0190909 0.691583 1.96198
-0.0184365 0.691237 1.96201
-0.0180953 0.691512 1.96144
-0.0168043 0.689011 1.95934
-0.0224528 0.731549 1.95518
-0.0216884 0.730377 1.95503
-0.0146453 0.660575 1.94671
-0.0147883 0.659629 1.94586
-0.0155229 0.659728 1.94546
-0.0166224 0.64622 1.93834
-0.019274 0.622873 1.93173
-0.019399 0.607817 1.92627
-0.0196941 0.595989 1.92137
-0.0194788 0.581813 1.91338
-0.0192945 0.583169 1.9112
-0.00658053 0.610206 1.89331
-0.00780809 0.50829 1.88277
-0.00453299 0.516005 1.87874
-0.000160904 0.516855 1.87522
-0.000987328 0.500126 1.86462
0.00482138 0.482626 1.85258
0.00951485 0.459111 1.8421
0.0115277 0.432699 1.83342
0.0150274 0.417986 1.82544
0.0188635 0.383397 1.81046
0.0208929 0.364268 1.80093
0.0206352 0.314039 1.79054
0.0216967 0.294273 1.78789
0.0194446 0.257879 1.77543
0.0150591 0.232246 1.76938
0.0155833 0.211303 1.7644
0.00949077 0.161926 1.75715
0.00743938 0.148776 1.7544
0.00734428 0.121672 1.75014
0.00494575 0.0928546 1.74505
0.00290632 0.0590173 1.74348
-0.000253501 0.0369913 1.74057
-0.00492702 0.00343551 1.73842
-0.00631048 -0.0253315 1.73767
-0.00504191 -0.0473584 1.73465
-0.00717943 -0.086269 1.73312
-0.00773916 -0.118954 1.73476
-0.00815619 -0.141374 1.73058
-0.00795431 -0.174799 1.72768
-0.00774274 -0.202343 1.72935
-0.0036675 -0.220683 1.72426
-0.00583803 -0.249148 1.72551
-0.00735499 -0.280008 1.72975
-0.0231053 -0.305311 1.801
-0.0220171 -0.312079 1.80661
-0.00889361 -0.359883 1.85424
-0.0320426 -0.332518 1.87598
-0.0313575 -0.334765 1.87716
-0.0331424 -0.355468 1.8664
-0.0320715 -0.358551 1.88657
-0.0333588 -0.363472 1.89333
-0.0373454 -0.426129 1.81338
-0.0359051 -0.433689 1.80632
-0.0379435 -0.440147 1.80987
-0.0348739 -0.462378 1.79745
-0.0362873 -0.467637 1.79809
-0.035392 -0.445705 1.84413
-0.0394931 -0.489117 1.79148
-0.0412939 -0.493669 1.79374
-0.040817 -0.461471 1.85112
-0.0416874 -0.498838 1.79292
-0.0408187 -0.463246 1.84591
-0.0414951 -0.463003 1.84627
-0.0446307 -0.477335 1.81155
-0.0454419 -0.463786 1.81112
-0.0442831 -0.439603 1.81202
-0.0431839 -0.409337 1.80663
-0.0236955 -0.38611 1.83808
-0.0355412 -0.335045 1.86809
-0.0194368 -0.292026 1.90949
0.000448634 -0.256456 1.96147
0.00589169 -0.241198 1.97087
0.0230563 -0.196615 1.7425
-0.0101226 -0.189555 1.70914
-0.00964326 -0.138947 1.70431
-0.0149136 -0.112525 1.70964
-0.00874536 -0.0502109 1.69937
-0.00859973 -0.0230334 1.70449
-0.000244353 0.0343904 1.70364
-0.00159934 0.0677576 1.70566
0.00317831 0.109589 1.70887
0.00366193 0.12132 1.71299
0.00793371 0.14083 1.71659
0.00759165 0.145356 1.71953
0.00772598 0.154552 1.72006
0.00592314 0.156995 1.71998
0.000458763 0.162555 1.71787
-0.00815657 0.163382 1.71739
-0.0254971 0.16558 1.71418
-0.0467089 0.168138 1.70986
-0.058532 0.175592 1.70342
-0.0778493 0.180233 1.69793
-0.0944439 0.181361 1.69409
-0.112843 0.179494 1.69311
-0.127812 0.181939 1.69051
-0.15354 0.191857 1.6819
-0.171882 0.193888 1.68044
-0.189931 0.195802 1.67851
-0.225143 0.199833 1.67676
-0.23953 0.199097 1.6776
-0.269515 0.198699 1.67894
-0.28302 0.198202 1.67963
-0.305079 0.203941 1.67745
-0.323746 0.209057 1.6741
-0.341271 0.214391 1.67142
-0.358019 0.218067 1.66991
-0.37208 0.217059 1.67104
-0.40928 0.22778 1.6653
-0.418696 0.22447 1.66703
-0.432569 0.2186 1.67
-0.453484 0.219659 1.67063
-0.47017 0.218526 1.67237
-0.48227 0.215753 1.67532
-0.496885 0.213426 1.67799
-0.521975 0.213299 1.68182
-0.53297 0.2136 1.68344
-0.557531 0.216444 1.68689
-0.574352 0.21702 1.68951
-0.589526 0.216968 1.69166
-0.601619 0.215895 1.69352
-0.61427 0.214889 1.69646
-0.631682 0.211423 1.70223
-0.668133 0.217731 1.70926
-0.671401 0.214871 1.71156
-0.705615 0.223744 1.71663
-0.708431 0.220005 1.71997
-0.713767 0.213779 1.72623
-0.71601 0.208757 1.73079
-0.697522 0.180358 1.75271
-0.710438 0.191199 1.75634
-0.708863 0.191446 1.75692
-0.751988 0.199116 1.75964
-0.719161 0.190049 1.765
-0.720981 0.18993 1.76669
-0.723205 0.19025 1.77025
-0.725328 0.190591 1.77203
-0.726276 0.191023 1.77349
-0.722928 0.208213 1.77875
-0.719033 0.219456 1.77951
-0.730259 0.192397 1.78653
-0.730939 0.192581 1.78661
-0.724718 0.213867 1.77897
-0.717989 0.226085 1.77471
-0.750075 0.222424 1.7755
-0.754267 0.208916 1.78063
-0.75452 0.20456 1.78107
-0.74265 0.220167 1.77597
-0.736999 0.229419 1.77375
-0.731202 0.235872 1.77007
-0.732062 0.278556 1.75743
-0.719136 0.272094 1.75465
-0.689915 0.275071 1.7439
-0.633474 0.233058 1.74135
-0.63118 0.237793 1.73996
-0.622192 0.246208 1.73575
-0.587664 0.265613 1.71898
-0.547909 0.255953 1.71112
-0.524474 0.252155 1.70628
-0.507572 0.254884 1.70141
-0.476035 0.254289 1.69575
-0.459432 0.258572 1.69145
-0.432111 0.26097 1.68819
-0.39674 0.259219 1.68993
-0.38074 0.259331 1.69242
-0.354599 0.259338 1.69488
-0.331419 0.257771 1.70062
-0.295693 0.255891 1.70729
-0.275191 0.259367 1.70984
-0.245267 0.258657 1.71719
-0.210157 0.270236 1.71831
-0.180932 0.269044 1.72416
-0.150532 0.264808 1.7329
-0.134481 0.268636 1.73598
-0.107148 0.267653 1.74369
-0.0754393 0.265384 1.75388
-0.0581246 0.264177 1.75825
-0.0198536 0.262349 1.76782
5.17978e-005 0.261093 1.77119
0.0370273 0.261998 1.77564
0.0642488 0.262517 1.78213
0.0909661 0.26512 1.78642
0.114573 0.266457 1.79039
0.141734 0.263931 1.79695
0.17198 0.273708 1.80093
0.192909 0.271615 1.80982
0.221342 0.274049 1.82147
0.235369 0.272965 1.82807
0.263937 0.277727 1.83837
0.283171 0.281606 1.84831
0.302732 0.285059 1.85603
0.323184 0.287378 1.86741
0.347016 0.290523 1.87953
0.359206 0.293806 1.88607
0.382349 0.297595 1.89924
0.395192 0.297086 1.90877
0.414042 0.296702 1.92594
0.417731 0.29298 1.93152
0.431728 0.2975 1.94009
0.448629 0.303977 1.95085
0.482426 0.317987 1.97741
0.482883 0.316916 1.97689
0.48979 0.309518 1.98487
0.512592 0.3125 2.00126
0.464369 0.242381 2.01179
0.405906 0.206576 2.05375
0.460154 0.231238 2.03624
0.460183 0.231038 2.03803
0.474936 0.231824 2.05297
0.498685 0.24388 2.05112
0.500317 0.240627 2.05611
0.503322 0.241203 2.05659
0.505326 0.241676 2.06032
0.509298 0.242383 2.06279
0.5112 0.24248 2.06471
0.513551 0.242787 2.06669
0.434312 0.215971 2.0956
0.51827 0.253892 2.06814
0.501145 0.239015 2.08499
0.441029 0.216755 2.10213
0.447704 0.21911 2.10124
0.449568 0.219905 2.1013
0.505948 0.241315 2.0791
0.45265 0.223427 2.09739
0.505823 0.241733 2.07781
0.502516 0.242139 2.08399
0.523468 0.254885 2.0757
0.524556 0.248329 2.07712
0.523096 0.247726 2.07727
0.496928 0.240068 2.07927
0.496905 0.240017 2.07906
0.517495 0.249277 2.06949
0.495386 0.234712 2.07372
0.516608 0.247403 2.06539
0.514781 0.245552 2.06484
0.510343 0.244108 2.06474
0.506258 0.242693 2.06165
0.504163 0.240747 2.05633
0.408776 0.19135 2.08273
0.463807 0.236987 2.04745
0.387805 0.178085 2.07276
0.513814 0.29062 2.02081
0.507935 0.29209 2.01406
0.49664 0.297356 2.00235
0.44319 0.266346 1.98569
0.435632 0.270504 1.97917
0.416878 0.284486 1.95334
0.394106 0.28589 1.93374
0.368233 0.279155 1.92112
0.345433 0.276885 1.9087
0.315082 0.275003 1.89136
0.280653 0.270126 1.87197
0.254184 0.264024 1.8619
0.229073 0.261456 1.85289
0.202291 0.258925 1.84344
0.151746 0.252459 1.82549
0.14495 0.253521 1.82377
0.117828 0.249577 1.81957
0.102047 0.244419 1.8211
0.0811538 0.238281 1.81994
0.0702518 0.234609 1.81976
0.0629633 0.232892 1.81866
0.0428957 0.220236 1.82012
0.0355708 0.218626 1.81561
0.0247729 0.21399 1.80639
0.0172272 0.213892 1.7922
0.0106753 0.212747 1.77514
0.00508095 0.210007 1.75827
0.00365167 0.207422 1.74733
-7.6771e-005 0.207947 1.72368
-0.00287855 0.208542 1.70691
-0.00490953 0.210579 1.6914
-0.00895514 0.215756 1.66466
-0.007222 0.211952 1.65951
-0.00511902 0.219131 1.62578
-0.00938196 0.221201 1.60836
-0.00922588 0.221855 1.59163
-0.00949558 0.224874 1.56644
-0.00869212 0.226036 1.54666
-0.00647301 0.223844 1.53364
-0.00262606 0.234879 1.49128
-0.00146168 0.233927 1.48547
3.64476e-006 0.234418 1.4626
0.00443496 0.233685 1.44772
0.00947826 0.233543 1.43127
0.0146928 0.233764 1.41376
0.0177907 0.232619 1.4017
0.020433 0.233111 1.38434
0.0263678 0.233008 1.37084
0.0336558 0.233377 1.35802
0.0384732 0.230901 1.34992
0.0436983 0.227508 1.33965
0.0482495 0.223164 1.33107
0.054724 0.218376 1.32251
0.0570983 0.212571 1.31736
0.0597932 0.20694 1.31326
0.0610633 0.202004 1.31137
0.0636458 0.199017 1.30935
0.0659789 0.196347 1.3069
0.0666224 0.194256 1.30446
0.0677895 0.193008 1.30205
0.0686361 0.19224 1.30145
0.0698635 0.191542 1.3012
0.0701922 0.190991 1.3018
0.0714579 0.190422 1.30303
0.0717272 0.19017 1.3034
0.071786 0.190148 1.30345
0.0718616 0.190169 1.3035
0.0719714 0.189934 1.30406
0.0675815 0.184687 1.31898
0.0677213 0.184795 1.31842
0.0675669 0.184553 1.31865
0.0669854 0.181576 1.32753
0.0663172 0.179376 1.33292
0.0668425 0.178834 1.33379
0.0657246 0.176327 1.34166
0.0644185 0.176085 1.34396
0.0628883 0.173726 1.35198
0.0587395 0.169156 1.36864
0.0583011 0.169564 1.37109
0.0583837 0.170274 1.37514
0.0575975 0.167878 1.39233
0.0568344 0.166177 1.40323
0.0502088 0.158546 1.42812
0.0492585 0.158057 1.43452
0.0492383 0.158766 1.44118
0.0443823 0.158185 1.45601
0.0399433 0.155526 1.4758
0.0359567 0.147561 1.50278
0.0315818 0.144177 1.51786
0.0254641 0.136082 1.54547
0.0221086 0.130675 1.56642
0.0158355 0.121557 1.59766
0.0126164 0.117096 1.61831
0.0061415 0.107393 1.65704
0.00064868 0.0982566 1.68944
-0.000274369 0.0913156 1.72358
-0.0056889 0.0888117 1.74667
-0.0042307 0.0839123 1.78327
-0.0105252 0.0762039 1.82257
-0.0104607 0.0765299 1.84456
-0.00603948 0.0747302 1.88362
-0.0100764 0.0718342 1.91923
-0.0122556 0.0684556 1.9577
-0.010805 0.0723107 1.98133
-0.00222947 0.0714996 2.02547
-0.00125207 0.0728985 2.04571
-0.00185565 0.0781603 2.08685
0.00663451 0.0791053 2.11641
0.012067 0.0871634 2.15032
0.0174418 0.0995993 2.17914
0.0173419 0.0963131 2.21197
0.017647 0.0915626 2.24326
0.020279 0.0913607 2.27336
0.0229275 0.109518 2.30282
0.0252442 0.127873 2.32938
0.0292208 0.123684 2.35044
0.0213921 0.114767 2.37959
0.0200537 0.123643 2.3947
0.0281833 0.135397 2.43198
0.0231735 0.138747 2.44512
0.0213607 0.13816 2.47373
0.0240183 0.151944 2.49079
0.0117448 0.152984 2.51576
0.00625844 0.153256 2.52794
-0.00315456 0.174517 2.5693
-0.0111151 0.171462 2.58461
-0.0281026 0.167998 2.61205
-0.0340065 0.173545 2.6215
-0.0479706 0.176511 2.64703
-0.0604057 0.222221 2.6643
-0.0951904 0.217614 2.68837
-0.0974579 0.209906 2.69619
-0.106987 0.163358 2.69393
-0.113885 0.213028 2.71902
-0.119729 0.20891 2.73281
-0.116734 0.155795 2.72541
-0.118289 0.171138 2.73587
-0.124605 0.21044 2.76517
-0.125675 0.178441 2.75013
-0.119456 0.197007 2.76319
-0.130562 0.166439 2.7735
-0.136976 0.196203 2.79084
-0.134794 0.170714 2.75993
-0.126682 0.15004 2.74472
-0.126017 0.151851 2.73684
-0.128704 0.17157 2.73582
-0.126213 0.155984 2.72406
-0.12154 0.15976 2.72495
-0.110726 0.15978 2.70037
-0.110189 0.205821 2.70249
-0.0893962 0.166653 2.67515
-0.101675 0.230272 2.67335
-0.067863 0.212597 2.65248
-0.0547431 0.22578 2.63615
-0.0434213 0.231818 2.6001
-0.0188977 0.198334 2.57733
0.00374115 0.199906 2.54013
0.0146765 0.206608 2.52223
0.0249859 0.204054 2.47671
0.0355374 0.201448 2.44461
0.0497097 0.185388 2.41764
0.0556641 0.184618 2.39636
0.05807 0.171156 2.33933
0.0623512 0.186331 2.33274
0.0636118 0.187859 2.30558
0.0551159 0.188304 2.2729
0.0599484 0.161243 2.2446
0.0605584 0.183033 2.20664
0.0621145 0.189762 2.18454
0.0624744 0.185393 2.15402
0.0615536 0.156943 2.11675
0.0566436 0.161694 2.09364
0.0573636 0.166272 2.047
0.0544246 0.164505 2.03167
0.0438712 0.158078 1.99845
0.0404561 0.151764 1.97111
0.0372455 0.149357 1.94896
0.0243409 0.156064 1.90844
0.0250885 0.156993 1.88451
0.0218733 0.155081 1.8621
0.0162529 0.150195 1.83759
0.0110655 0.155443 1.79687
0.0100857 0.154251 1.78025
0.00796529 0.154123 1.75251
0.00781749 0.155832 1.72596
0.00706374 0.155829 1.70356
0.00219028 0.152763 1.67865
0.00222528 0.150375 1.66135
-0.000955639 0.150744 1.63644
-0.00211358 0.150418 1.61832
-0.00358724 0.148144 1.59909
-0.00523396 0.149388 1.57468
-0.00448944 0.150674 1.55762
-0.00424312 0.149318 1.54493
-0.00889223 0.149636 1.5259
-0.00925781 0.150197 1.51013
-0.00347014 0.151592 1.49148
-0.00219993 0.148415 1.48612
-0.00322066 0.148158 1.46772
-0.00101024 0.147234 1.45563
0.000420456 0.147257 1.44257
0.00322514 0.14552 1.43262
0.00971515 0.143201 1.42277
0.0109839 0.141333 1.41411
0.0131591 0.139126 1.40644
0.0168089 0.162138 1.32065
0.0279625 0.132875 1.37519
0.0280469 0.132141 1.37452
0.0283289 0.129378 1.37094
0.0277559 0.125924 1.36648
0.0273212 0.122232 1.36392
0.0263636 0.120042 1.35949
0.0249235 0.117804 1.35786
0.0235798 0.116412 1.35539
0.0225053 0.115305 1.35405
0.0208928 0.113983 1.35349
0.0197559 0.113092 1.3531
0.0190164 0.112498 1.35309
0.0183562 0.111888 1.3535
0.0174359 0.111302 1.35408
0.0165671 0.110351 1.35598
0.015167 0.108634 1.35989
0.0146653 0.107912 1.36317
0.0141487 0.106749 1.36915
0.0133678 0.105761 1.37755
0.0122564 0.0998465 1.40565
0.0113307 0.0986797 1.41525
0.0118901 0.0992738 1.42138
0.0104841 0.0983116 1.43651
0.00869357 0.0964738 1.45466
0.0113902 0.09616 1.47346
0.0129336 0.0944387 1.49721
0.0126718 0.0917995 1.51876
0.0179127 0.0896125 1.54999
0.0206348 0.0885363 1.57352
0.021654 0.0878212 1.602
0.0260079 0.0910476 1.62129
0.0354459 0.094776 1.65171
0.0429528 0.0907932 1.69269
0.0454842 0.0953101 1.70586
0.0537095 0.0912758 1.75918
0.0557699 0.0913613 1.77587
0.0665078 0.0966931 1.81243
0.07331 0.0903804 1.84941
0.0798655 0.103463 1.85846
0.0908783 0.0919556 1.91633
0.091698 0.0952352 1.92886
0.0941813 0.0962824 1.97776
0.102228 0.0926182 2.00574
0.109314 0.0884558 2.03528
0.10903 0.0957148 2.07103
0.112454 0.106946 2.09582
0.108704 0.113379 2.11885
0.116625 0.10166 2.17156
0.116 0.138152 2.18672
0.110867 0.126876 2.21264
0.116694 0.14297 2.23955
0.110379 0.135803 2.26232
0.109079 0.152551 2.30994
0.106916 0.146932 2.3161
0.103893 0.139041 2.3458
0.102702 0.138009 2.35829
0.0895916 0.130089 2.38855
0.0913873 0.132097 2.41117
0.0916747 0.120352 2.43694
0.091345 0.146501 2.47971
0.0689101 0.124111 2.46096
0.0671616 0.124061 2.46425
0.0797462 0.137918 2.52539
0.0531872 0.115621 2.49938
0.054124 0.115423 2.50305
0.0553125 0.114317 2.50352
0.0558152 0.113503 2.50394
0.0575034 0.112705 2.5088
0.0577411 0.113323 2.50148
0.0574809 0.113672 2.50005
0.0567291 0.113523 2.49924
0.0563843 0.113462 2.49862
0.0553309 0.111007 2.50052
0.0586351 0.127314 2.50393
0.0614672 0.13053 2.50368
0.0627901 0.133412 2.49886
0.0632796 0.134106 2.49845
0.0731906 0.109175 2.45062
0.064707 0.101185 2.45463
0.0660615 0.1038 2.4489
0.070382 0.110069 2.44281
0.0727201 0.123156 2.43533
0.0828415 0.11176 2.39794
0.0801976 0.100239 2.39599
0.081005 0.105839 2.38196
0.0851838 0.116197 2.37194
0.0914986 0.128855 2.3616
0.0950912 0.129634 2.35229
0.0992957 0.123209 2.3301
0.100954 0.126782 2.32208
0.102563 0.136042 2.30883
0.0993583 0.147483 2.2939
0.0986137 0.135013 2.27932
0.100515 0.132398 2.27344
0.113826 0.144726 2.25707
0.113318 0.152484 2.25119
0.111585 0.155549 2.24552
0.109975 0.142282 2.23454
0.110368 0.138172 2.22799
0.114193 0.139882 2.22512
0.118516 0.142256 2.22108
0.118993 0.14686 2.21646
0.120861 0.149826 2.2141
0.121597 0.149513 2.2126
0.122471 0.148689 2.21068
0.122915 0.148199 2.20986
0.123217 0.147766 2.20829
0.124464 0.149507 2.20598
0.124438 0.14967 2.20524
0.124975 0.149145 2.2034
0.124511 0.150062 2.201
0.124292 0.149403 2.19936
0.124732 0.148868 2.19851
0.124793 0.148747 2.19813
0.125155 0.14894 2.1978
0.126098 0.148165 2.19741
0.126581 0.148816 2.19719
0.126917 0.148762 2.19668
0.12749 0.150096 2.19578
0.128564 0.150055 2.1951
0.128867 0.150631 2.19464
0.130287 0.15098 2.19385
0.131678 0.153508 2.19292
0.132682 0.153543 2.19262
0.132826 0.156904 2.19247
0.132706 0.156796 2.19253
0.132661 0.156555 2.19253
0.132862 0.155742 2.19232
0.132388 0.156001 2.19253
0.132563 0.155773 2.19278
0.132357 0.155603 2.19279
0.132499 0.155086 2.19265
0.132584 0.155014 2.19252
0.132763 0.154414 2.19246
0.13276 0.154329 2.19238
0.132911 0.154238 2.19216
0.133002 0.154181 2.19211
0.132735 0.15385 2.1919
0.132481 0.153866 2.19184
0.132232 0.153526 2.19174
0.132507 0.152876 2.19212
0.132583 0.152585 2.19228
0.132429 0.152571 2.1922
0.132342 0.152375 2.19199
0.131805 0.150691 2.19161
0.131375 0.14786 2.1908
0.130207 0.147359 2.18939
0.129029 0.148166 2.1897
0.129731 0.146174 2.19073
0.129766 0.146056 2.19114
0.129836 0.145015 2.19172
0.129478 0.144429 2.19146
0.129335 0.144352 2.19138
0.129153 0.144509 2.1911
0.128555 0.144657 2.19042
0.127487 0.144684 2.18935
0.127129 0.144682 2.18856
0.118965 0.132497 2.1821
0.110103 0.157725 2.18127
0.108948 0.139887 2.176
0.110936 0.148398 2.17438
0.110143 0.153132 2.17167
0.108826 0.138226 2.16415
0.107248 0.137632 2.16188
0.0951001 0.189123 2.15427
0.0918165 0.194579 2.15201
0.0936404 0.199344 2.15088
0.0930642 0.206089 2.15007
0.0938159 0.21068 2.15051
0.0954861 0.219139 2.15055
0.0931915 0.248024 2.14861
0.0938691 0.249906 2.14786
0.0966293 0.25826 2.14681
0.0957833 0.267 2.14728
0.0922986 0.275804 2.14927
0.0897204 0.298919 2.15544
0.0899498 0.310013 2.15814
0.0894638 0.311697 2.15545
0.0824904 0.334253 2.15351
0.0773894 0.353943 2.15842
0.0808086 0.35679 2.15969
0.0839726 0.360604 2.15835
0.0886466 0.408119 2.17011
0.0894217 0.407589 2.17017
0.0901249 0.407752 2.16987
0.0847045 0.414951 2.16381
0.105148 0.456604 2.20131
0.101079 0.467488 2.19794
0.104078 0.461674 2.19668
0.110451 0.472208 2.19285
0.100723 0.478381 2.19999
0.101381 0.490899 2.20415
0.106585 0.55292 2.23051
0.100114 0.562869 2.22337
0.107457 0.51399 2.20906
0.10876 0.520197 2.21004
0.10846 0.543697 2.21661
0.110062 0.546134 2.2215
0.110436 0.558205 2.22286
0.109111 0.562959 2.22477
0.110154 0.610369 2.24458
0.109751 0.608188 2.24366
0.109092 0.579159 2.23343
