200
0.0809174 -0.5615 2.17421
0.0861758 -0.522575 2.18771
0.0849239 -0.522457 2.18754
0.0830188 -0.522143 2.18697
0.0820811 -0.522101 2.18762
0.0809255 -0.52247 2.1892
0.080435 -0.522453 2.18994
0.0801017 -0.52238 2.19251
0.0791195 -0.522671 2.19271
0.0797516 -0.545193 2.18772
0.0807167 -0.550312 2.18697
0.0803592 -0.551533 2.1862
0.0802659 -0.551777 2.18652
0.0803617 -0.552992 2.18718
0.0804135 -0.553072 2.18732
0.0802956 -0.553317 2.18719
0.0802562 -0.553455 2.18728
0.0807594 -0.554025 2.18827
0.0858406 -0.592065 2.18208
0.0859547 -0.592534 2.18385
0.0837224 -0.536125 2.20184
0.0856583 -0.531944 2.20438
0.0873714 -0.528912 2.20842
0.0917424 -0.527535 2.21595
0.0925183 -0.527344 2.2164
0.0949339 -0.527938 2.21977
0.0960844 -0.527983 2.22115
0.0973522 -0.525634 2.22386
0.0977755 -0.52635 2.22452
0.0985153 -0.5269 2.22648
0.0996415 -0.523294 2.22849
0.10088 -0.56804 2.22016
0.100125 -0.519197 2.23178
0.0994343 -0.521214 2.23027
0.100066 -0.572171 2.2163
0.100382 -0.594265 2.19404
0.101223 -0.568808 2.20253
0.101346 -0.569671 2.20443
0.0971921 -0.589416 2.17558
0.0974466 -0.590658 2.1721
0.0976747 -0.591592 2.16924
0.0970374 -0.591387 2.16587
0.0933979 -0.585607 2.15279
0.0935029 -0.550004 2.14534
0.077502 -0.535062 2.09591
0.0583535 -0.518811 2.05946
0.0401494 -0.479688 2.01948
0.00898019 -0.442382 1.96945
-0.00830546 -0.375728 1.94847
-0.0126678 -0.314399 1.96755
-0.0448833 -0.270124 1.92838
-0.0646022 -0.246001 1.93619
-0.0961511 -0.19612 1.91266
-0.116513 -0.161297 1.9032
-0.134318 -0.111862 1.88506
-0.136496 -0.0901418 1.88082
-0.124013 -0.114059 1.85591
-0.147485 0.00299169 1.85673
-0.154816 0.0486464 1.84869
-0.154319 0.0796042 1.84764
-0.151442 0.0925017 1.84838
-0.14484 0.113422 1.84947
-0.141104 0.125527 1.84981
-0.125763 0.141767 1.85014
-0.104907 0.19741 1.85666
-0.0915817 0.193664 1.85675
-0.0762917 0.199291 1.8589
-0.0507912 0.211088 1.86347
-0.0374785 0.244062 1.87125
-0.0346604 0.237574 1.86968
-0.017532 0.231408 1.86724
0.0120439 0.226847 1.86501
0.0319138 0.216207 1.86374
0.077458 0.21389 1.86918
0.0879817 0.210863 1.86899
0.110232 0.182811 1.86842
0.126045 0.164095 1.86981
0.138609 0.150511 1.87001
0.154488 0.119994 1.86788
0.168973 0.10443 1.86749
0.187074 0.0638203 1.86724
0.197946 0.0432442 1.86879
0.20496 0.0228066 1.86677
0.205017 -0.038775 1.87401
0.211285 -0.0722569 1.8766
0.213441 -0.0971577 1.87977
0.211126 -0.127461 1.88312
0.213264 -0.144754 1.88596
0.203447 -0.179883 1.89198
0.200037 -0.187317 1.89268
0.190254 -0.202726 1.89389
0.166259 -0.236892 1.90123
0.159811 -0.241147 1.90143
0.139614 -0.249206 1.89774
0.125419 -0.257525 1.89699
0.0891258 -0.272607 1.89592
0.0782984 -0.274992 1.89535
0.0517467 -0.273129 1.8899
0.0366855 -0.274667 1.88982
0.00693867 -0.274033 1.88856
-0.00923321 -0.277326 1.89115
-0.0392903 -0.280784 1.89594
-0.0550096 -0.2807 1.89988
-0.07212 -0.271739 1.90169
-0.111025 -0.243908 1.88689
-0.116919 -0.242774 1.88715
-0.142172 -0.21883 1.88053
-0.145666 -0.217315 1.88003
-0.158567 -0.211641 1.88152
-0.159177 -0.211133 1.88411
-0.211387 -0.168766 1.87883
-0.241561 -0.107406 1.86945
-0.242833 -0.103868 1.86874
-0.243989 -0.0996497 1.86806
-0.262017 -0.0678937 1.86918
-0.255474 -0.0721212 1.86772
-0.280643 -0.0226765 1.86409
-0.201131 -0.14441 1.87538
-0.145168 -0.142135 1.928
-0.218724 -0.122343 1.86134
-0.243212 -0.0906552 1.8466
-0.251042 -0.0209329 1.8716
-0.294817 0.0377712 1.86232
-0.292317 0.0427389 1.86098
-0.298384 0.0952854 1.86001
-0.298522 0.0963434 1.86024
-0.298284 0.107586 1.85989
-0.296514 0.130654 1.86061
-0.298285 0.165784 1.86483
-0.294566 0.189166 1.86725
-0.291088 0.199565 1.86816
-0.285858 0.217809 1.87074
-0.274502 0.228952 1.86923
-0.265136 0.244951 1.86799
-0.257641 0.25835 1.86898
-0.24925 0.26661 1.86819
-0.22522 0.303316 1.8685
-0.218084 0.305401 1.86825
-0.201119 0.304859 1.86582
-0.175739 0.305387 1.86051
-0.158492 0.303801 1.85586
-0.133321 0.305281 1.85084
-0.111501 0.30969 1.84838
-0.10082 0.312293 1.84695
-0.0646107 0.341073 1.84707
-0.0526535 0.347732 1.84566
-0.0355195 0.350582 1.84115
-0.0101777 0.343305 1.83389
0.0118794 0.338471 1.82817
0.0341812 0.328299 1.82359
0.0650469 0.326392 1.82357
0.0857455 0.320407 1.82209
0.106915 0.302962 1.82016
0.130105 0.279578 1.82018
0.143128 0.268591 1.8205
0.159539 0.251938 1.81948
0.175771 0.233397 1.82074
0.187601 0.209935 1.82335
0.194308 0.191314 1.82371
0.205344 0.16636 1.82635
0.209908 0.133945 1.82721
0.217049 0.109026 1.82984
0.219016 0.085148 1.83132
0.220466 0.0437415 1.83255
0.221158 0.0338469 1.83206
0.214892 -0.00865653 1.8345
0.211522 -0.0562614 1.84069
0.206647 -0.0774608 1.83994
0.195697 -0.116251 1.84048
0.187665 -0.143584 1.84317
0.1765 -0.171558 1.84546
0.16856 -0.188297 1.84448
0.149456 -0.221137 1.84472
0.141907 -0.232084 1.84421
0.110517 -0.26608 1.84749
0.0839805 -0.284295 1.84633
0.0703319 -0.294816 1.85028
0.0454313 -0.30474 1.85118
0.0130928 -0.312784 1.85368
-0.0162656 -0.315805 1.85456
-0.0350852 -0.315501 1.86357
-0.0588332 -0.308953 1.8664
-0.105715 -0.301428 1.85847
-0.117846 -0.296205 1.86133
-0.152653 -0.287139 1.86342
-0.169755 -0.27891 1.86903
-0.201834 -0.263673 1.87664
-0.248355 -0.230099 1.86727
-0.253761 -0.220914 1.86589
-0.273984 -0.178849 1.85993
-0.284784 -0.163622 1.85965
-0.288919 -0.151981 1.86227
-0.299364 -0.119032 1.85948
-0.310036 -0.0907898 1.85688
-0.321835 -0.0534855 1.84811
-0.336973 -0.00582564 1.84388
-0.338478 0.00263054 1.8451
-0.335468 0.034272 1.84101
-0.339908 0.0627144 1.84039
-0.343084 0.0884878 1.84186
