200
0.931104 -0.939923 2.27855
0.933041 -0.914217 2.28571
0.932376 -0.929426 2.28179
0.079629 -0.409765 1.33521
0.932098 -0.933986 2.2806
0.0794098 -0.415679 1.34326
0.934085 -0.903594 2.28947
0.0774667 -0.422239 1.35189
0.93346 -0.924196 2.28393
0.0745824 -0.430191 1.36116
0.933881 -0.916073 2.28489
0.188454 -0.487748 1.14417
0.933749 -0.919761 2.2833
0.188783 -0.486518 1.16567
0.933492 -0.924667 2.28186
0.168063 -0.486674 1.14727
0.933224 -0.927107 2.28107
0.15628 -0.492566 1.14031
0.931516 -0.940403 2.27592
0.127973 -0.51588 1.11827
0.933468 -0.916608 2.28308
0.127261 -0.520038 1.11199
0.92958 -0.948323 2.27251
0.0980059 -0.524619 1.06159
0.932899 -0.917922 2.28253
0.107327 -0.51489 1.04882
0.928733 -0.950773 2.27088
0.0996238 -0.514723 1.03488
0.928595 -0.952814 2.27019
0.0983166 -0.512779 1.01996
0.928423 -0.954771 2.26931
0.104452 -0.510305 1.00495
0.928202 -0.956269 2.26885
0.0959785 -0.510968 0.982779
0.932428 -0.918892 2.28157
0.105597 -0.509244 0.973385
0.928459 -0.954581 2.26997
0.0897043 -0.51336 0.956883
0.928561 -0.954734 2.2699
0.104185 -0.508839 0.947435
0.932475 -0.920355 2.28166
0.103406 -0.4028 0.952543
0.930495 -0.917022 2.27636
0.0641554 -0.315309 1.03022
0.929564 -0.929745 2.27206
0.0623518 -0.309608 1.03106
0.927312 -0.943509 2.2668
0.0496937 -0.352792 0.938067
0.926746 -0.945498 2.26435
0.0477816 -0.363823 0.93942
0.928933 -0.916065 2.27134
0.0439798 -0.364335 0.937136
0.926723 -0.942017 2.2631
0.0420746 -0.364501 0.936669
0.925428 -0.943557 2.25999
0.0105871 -0.383927 0.931982
0.925161 -0.942669 2.25988
0.00999206 -0.383936 0.932853
0.927945 -0.914833 2.26855
0.103462 -0.351007 1.51729
0.928093 -0.912575 2.26917
0.0804329 -0.355985 1.52259
0.928077 -0.911262 2.2691
0.0797484 -0.355203 1.52347
0.928134 -0.910501 2.26922
0.115379 -0.342102 1.58116
0.927767 -0.920774 2.2665
0.108989 -0.299251 1.68653
0.92781 -0.914866 2.2677
0.111412 -0.292333 1.68428
0.927908 -0.911114 2.26853
0.139908 -0.260349 1.65142
0.927907 -0.908278 2.26898
0.121873 -0.316533 1.59019
0.928039 -0.90569 2.26952
0.0950564 -0.366589 1.64102
0.927143 -0.918589 2.26584
0.0932009 -0.364242 1.6385
0.926116 -0.925036 2.26298
0.0914834 -0.356106 1.63907
0.926038 -0.926353 2.26258
0.0900251 -0.349689 1.63751
0.926032 -0.926205 2.26271
0.0833176 -0.362404 1.64158
0.926136 -0.926417 2.26268
0.0825059 -0.350413 1.63997
0.92523 -0.932093 2.26027
0.106085 -0.303685 1.64068
0.925136 -0.933938 2.25952
0.142527 -0.329694 1.73017
0.92787 -0.901656 2.26973
0.144209 -0.32032 1.73133
0.928021 -0.900311 2.27017
0.134247 -0.376362 1.70044
0.928114 -0.89961 2.27031
0.131766 -0.373302 1.69445
0.928244 -0.898666 2.27057
0.112918 -0.388224 1.68123
0.928424 -0.898335 2.27099
0.115617 -0.355931 1.67353
0.928478 -0.897814 2.27116
0.0747348 -0.382654 1.645
0.928485 -0.897564 2.27134
0.0804134 -0.393185 1.63825
0.928413 -0.897373 2.27108
0.0925753 -0.350086 1.61616
0.92849 -0.897373 2.27103
0.0894132 -0.324471 1.58225
0.928479 -0.897462 2.271
0.0869047 -0.346513 1.61312
0.928516 -0.897451 2.27101
0.0943469 -0.248025 1.32643
0.928355 -0.897472 2.27081
0.0722031 -0.261544 1.393
0.928309 -0.897474 2.27082
0.0716357 -0.260474 1.37122
0.928171 -0.897058 2.27057
0.0689023 -0.261188 1.36904
0.928269 -0.897158 2.27059
0.065812 -0.26112 1.369
0.92821 -0.897167 2.27046
0.0540145 -0.267168 1.39373
0.927955 -0.906298 2.26799
0.0535683 -0.267044 1.3954
0.9281 -0.902265 2.26903
0.0529289 -0.266187 1.40171
0.928187 -0.899548 2.26971
0.0536235 -0.264845 1.41252
0.927891 -0.907774 2.26782
0.0530477 -0.261693 1.42656
0.927794 -0.909344 2.26739
0.0542219 -0.256759 1.43573
0.927919 -0.9055 2.26837
0.0553568 -0.243938 1.44689
0.928074 -0.901782 2.26937
0.0471315 -0.208801 1.4394
0.928235 -0.900973 2.2695
0.133027 -0.226007 1.29333
0.928007 -0.908002 2.26773
0.131408 -0.226779 1.28542
0.928104 -0.904503 2.2686
0.133134 -0.216834 1.27292
0.928233 -0.901184 2.26936
0.0603526 -0.203236 1.33961
0.927986 -0.908829 2.26741
0.0586429 -0.150621 1.3867
0.92825 -0.902823 2.26876
-0.015139 -0.202962 1.36682
0.927963 -0.901316 2.2691
-0.146176 0.0302656 1.3372
0.928227 -0.911403 2.26699
-0.145468 -0.0652834 1.36634
0.928552 -0.906017 2.26851
-0.145094 -0.0658179 1.36597
0.928558 -0.904264 2.26891
-0.159725 -0.0811933 1.38358
0.928627 -0.902065 2.26943
-0.163052 -0.0850941 1.38719
0.928639 -0.901453 2.26958
-0.167128 -0.0916873 1.39196
0.928611 -0.901272 2.26965
0.108079 -0.0656833 1.20777
0.928209 -0.900449 2.26935
0.106088 -0.0763849 1.19777
0.92814 -0.89992 2.26943
0.110828 -0.0883743 1.18459
0.928149 -0.899302 2.26956
0.106148 0.0644941 1.03507
0.927865 -0.906958 2.2678
0.0956809 0.0383468 1.02688
0.928124 -0.902874 2.26879
0.0651599 -0.0263253 1.02708
0.927842 -0.901575 2.26848
0.0574588 -0.0467606 1.03413
0.927891 -0.899866 2.26888
0.0511208 -0.0533258 1.02975
0.927907 -0.899622 2.26894
0.0188426 -0.0550664 1.00863
0.927625 -0.899409 2.26863
-0.00897813 -0.0615699 1.0021
0.927016 -0.911539 2.26537
-0.039381 -0.0627722 1.00212
0.924975 -0.929463 2.25992
-0.0600822 -0.0570858 1.00165
0.925386 -0.927399 2.26037
-0.0843051 -0.0391075 0.998389
0.927113 -0.907786 2.26598
-0.0950991 -0.0234617 0.998395
0.927225 -0.90472 2.2669
-0.102619 0.0241866 0.993644
0.926653 -0.914044 2.26432
-0.0969751 0.066789 0.988604
0.927142 -0.906752 2.26635
-0.104252 0.0985514 0.982882
0.927217 -0.904585 2.26699
-0.0976889 0.118876 0.989832
0.927215 -0.902743 2.26734
-0.0651563 0.155019 1.00174
0.926928 -0.910509 2.26556
-0.0637701 0.150137 1.0106
0.92717 -0.905622 2.26681
